50
5733 18358
3200 23162
369 12507
7264 11333
15117 20091
4171 6263
18947 25738
10333 22798
2902 10755
5070 17064
15959 20791
11815 17786
6139 15624
7972 12750
4006 23801
8351 26341
1627 22468
552 14773
4486 14896
9138 9359
26 12226
9894 24111
16861 20259
8204 26595
13684 21756
9622 21228
7851 24776
20440 22111
15277 18633
1280 26161
7658 10083
13136 25440
2545 3608
4692 7102
6905 24243
6000 11486
2157 13427
962 14362
14571 18510
5500 17477
16514 23578
2023 19737
231 24532
6613 18762
16177 21560
10907 13900
14026 19153
19565 20960
8768 18015
19377 25028