10 200
191 178
23 21 25 22 15 14 28 17 31 12
167 191 84 61 151 44 162 12 8 123 95 170 116 9 14 23 146 178 180 104 17 88 92
156 3 20 139 15 182 172 196 80 169 183 163 177 89 46 29 30 73 127 113 185
100 153 109 121 34 154 108 65 197 97 134 36 41 155 85 76 49 10 136 19 83 149 159 151 186
193 148 150 76 26 160 71 152 13 1 118 7 66 42 138 56 137 11 142 59 75 53
6 54 32 33 2 158 126 105 38 115 55 196 87 25 166
21 58 190 187 91 39 199 168 147 27 16 70 200 40
93 133 102 107 106 120 43 124 22 144 77 112 181 198 99 37 94 165 176 121 111 67 68 64 174 4 125 103
74 35 132 173 78 140 101 161 60 46 192 50 179 135 129 171 184
52 131 130 48 96 157 143 90 119 145 114 141 57 195 188 76 190 47 110 122 128 196 28 31 69 62 24 86 175 5 18
81 189 117 82 164 194 63 45 72 51 79 98