50 1500
1346 637
30 30 36 41 28 24 32 31 41 32 31 38 36 29 35 35 33 26 29 37 45 31 30 31 39 47 22 22 25 35 37 37 32 34 20 37 27 29 28 34 32 26 31 37 36 40 28 22 28 45
1300 706 373 1100 217 401 1195 1207 1045 1448 208 53 1200 667 1439 1245 492 965 491 1148 1411 251 256 920 1410 604 748 83 1231 436
1094 798 466 1149 1156 978 514 997 489 651 155 355 666 9 800 319 1239 223 19 34 226 31 935 764 1013 1180 896 734 368 1024
445 98 1260 701 825 130 1327 959 881 1101 1500 240 975 623 1123 464 138 1478 1392 111 982 1331 1422 767 644 288 1158 405 1039 597 1264 198 1236 1435 413 230
88 16 1246 1008 97 1061 180 1280 1408 910 725 1014 404 1157 1151 224 271 136 1255 548 821 814 888 1307 1047 1003 599 1433 304 757 1109 570 1105 1112 62 574 333 788 503 1339 359
369 421 1066 1264 938 1173 988 106 1204 606 998 1137 18 1174 981 913 957 1290 1495 1229 192 212 579 539 678 377 792 1362
824 1454 1018 847 1036 159 148 124 1289 812 1213 102 908 447 722 1033 349 321 419 577 1282 448 1223 594
581 171 232 360 1191 330 1042 1050 654 334 1485 42 807 1268 222 887 1442 1083 1252 1390 569 733 211 25 204 919 116 1384 84 1472 1360 615
1321 1471 651 1084 786 1464 450 70 365 1202 787 237 1093 76 1079 114 1127 238 66 125 113 851 1175 245 1450 1261 543 874 583 1110 1184
1281 1141 649 1418 374 297 628 1353 1430 1253 172 1004 284 322 440 1056 177 647 710 1071 528 270 773 1496 252 86 77 1297 437 1114 1194 275 615 604 705 608 1228 410 1477 1146 331
234 681 721 1205 495 715 30 166 497 901 1083 1192 44 448 1441 1127 749 917 911 119 1233 138 1107 833 1247 745 680 1053 632 308 1395 1160
11 367 785 962 1324 650 1419 885 192 1199 146 325 1254 1103 475 1135 544 476 493 55 572 273 276 592 507 529 921 1035 593 630 1379
699 1008 1279 1402 575 99 892 1314 121 1490 504 1152 1347 301 286 1323 1068 1378 1092 979 799 1431 936 553 1309 1189 1216 382 743 822 1046 438 202 415 215 761 130 1054
170 646 987 877 1241 1161 353 738 904 1163 61 1422 1155 638 700 1479 832 1069 948 819 82 860 631 448 900 1139 1145 1162 709 747 300 779 1367 94 91 1177
1090 473 1445 1178 1168 433 808 1376 449 1022 1350 951 520 576 454 370 418 1424 765 1336 835 311 227 1171 453 1393 411 948 253
570 1354 973 43 1499 176 758 463 879 775 1196 1284 96 33 750 659 886 1334 1259 429 776 1270 145 336 442 1497 1026 139 129 974 796 1051 856 357 1388
795 940 185 880 95 1373 1443 698 781 508 67 1460 707 803 351 851 716 154 1484 737 486 388 285 1368 27 1449 627 1380 1097 1010 1452 262 1407 847 516
1371 1065 500 138 1224 487 1144 117 958 1313 207 1487 849 1461 81 314 1385 482 1476 909 478 341 521 390 484 1251 411 770 1185 1129 1041 1315 922
656 555 371 220 1467 344 883 616 1062 385 1083 354 1470 143 56 471 369 266 939 1238 817 47 420 1333 411 858
90 780 1017 52 162 485 158 51 1340 1328 395 1220 530 1469 1126 708 312 1343 1364 241 265 161 546 1096 1081 510 313 20 1285
684 460 1404 203 535 1011 268 1413 112 1325 5 969 474 1274 1087 1447 1382 1357 17 1438 409 658 669 1291 918 870 1434 966 261 293 1312 621 731 72 1208 1197 683
995 1098 3 214 1265 1310 391 543 499 560 335 1318 615 838 472 1102 612 1190 1077 934 228 68 40 862 1063 398 45 13 633 1275 756 1140 296 527 636 857 828 258 346 930 1462 1326 1179 932 183
1463 556 1406 1298 36 1091 595 629 564 505 239 958 294 226 1311 360 906 861 1073 1095 425 1055 542 218 305 898 836 656 1401 584 694
794 1260 221 641 688 1183 1060 992 15 1304 791 954 1125 434 768 1211 545 24 1080 1188 445 882 598 637 871 1115 280 309 324 1232
753 834 458 290 853 1122 1169 1150 617 1322 244 100 432 2 1042 614 1351 804 672 810 180 1465 323 3 150 1234 194 387 299 423 1355
660 1416 441 1377 1427 1262 1444 179 105 989 60 790 8 1059 676 1067 622 693 891 697 965 889 759 169 840 778 1172 49 247 687 1086 547 873 1295 1099 462 1383 993 225
1214 135 1009 760 1243 942 37 408 316 710 156 1344 1248 1473 1217 126 123 392 63 620 931 782 1294 1458 1374 233 991 1391 79 375 1124 1271 243 1080 1387 1007 1394 720 1133 372 1299 846 259 87 69 1359 479
384 477 1154 1089 1498 893 457 129 38 766 1058 34 386 1121 1332 1049 424 1015 1361 852 352 229
163 443 1120 356 483 784 658 118 1319 1417 470 1040 924 783 726 930 137 486 140 762 469 274
625 289 1436 686 127 64 287 34 730 1296 110 416 1181 338 928 182 1193 1258 48 1317 406 1230 972 37 1076
1008 1437 692 664 364 328 868 21 895 1044 1446 1165 1399 822 783 269 949 1286 1176 103 1273 947 65 648 808 562 732 652 928 541 1274 522 1266 1119 845
340 601 216 674 231 944 195 101 914 1296 75 570 104 62 962 752 115 712 201 999 946 568 968 415 149 264 327 763 1337 967 89 146 950 1250 439 92 536
960 1005 827 517 1468 139 1116 537 1136 1244 996 506 298 1397 717 1428 744 1474 130 1491 805 23 1237 526 769 396 1032 755 1048 774 58 1276 1396 618 642 970 1455
345 1423 512 1187 557 1064 689 295 456 945 452 1206 576 866 1417 724 730 655 977 260 816 772 929 589 565 1292 291 1218 619 142 1489 5
1075 152 1457 963 250 1349 1267 381 467 193 550 698 199 308 190 571 511 132 480 990 426 925 604 1371 1030 174 653 1356 1153 1366 394 771 841 1330
12 90 255 685 164 1264 490 1111 120 713 1269 610 831 842 435 213 703 591 1287 378
600 210 6 537 1134 704 634 10 735 167 789 710 242 444 1375 361 206 1102 785 1481 28 1409 1156 108 1475 282 369 187 1167 561 663 818 677 1106 417 980 1412
1128 178 872 933 986 54 1088 830 455 320 29 1451 1486 656 1156 157 961 461 797 4 307 1034 362 875 306 1117 85
582 964 518 73 590 451 248 1400 1159 1006 397 357 1277 1150 317 1226 537 403 1414 1118 1016 291 1078 956 916 1341 1316 729 303
257 984 188 1219 585 971 488 1432 696 869 1038 695 175 1198 501 1108 523 494 69 714 554 1 746 953 459 848 339 876
50 907 151 943 153 515 1192 559 890 1188 1130 205 226 393 1037 235 884 1492 613 39 1072 352 1370 131 343 540 899 186 502 985 1221 249 640 607
496 1021 283 1215 1043 578 244 1212 533 144 532 661 246 1257 1132 59 1288 1170 1166 580 952 1301 428 823 793 1459 191 538 602 1346 380 1358
927 291 1052 1425 719 69 168 596 1372 1027 519 1002 1381 196 691 645 863 1320 611 702 141 35 358 1480 498 236
465 402 1143 1208 1382 1348 643 1001 1029 1283 983 422 1306 1398 74 326 134 1186 32 332 1302 1274 573 1142 468 279 1335 962 1240 1466 481
312 7 1070 829 181 431 603 820 902 926 911 839 567 728 1263 815 948 14 1172 350 894 427 128 329 741 525 80 389 57 1342 407 184 740 609 1386 1227 1164
665 965 41 272 1420 107 587 1209 363 588 912 524 122 347 626 412 673 531 658 1305 605 915 624 534 1000 1345 651 46 1426 850 352 78 859 1057 1369 711
281 1429 1201 1203 878 312 552 843 1138 808 742 1242 278 994 1293 631 1365 1147 1352 376 1363 586 308 1488 1085 277 1210 400 834 337 806 414 139 558 851 809 513 1025 1493 822
751 1422 1217 1131 292 739 802 671 263 903 1031 509 1308 147 133 551 662 563 160 867 679 383 801 209 1403 1303 1421 955
1104 723 93 26 657 848 1020 1483 1260 260 864 71 1012 1082 1054 837 1182 976 22 366 1225 1382
197 813 854 189 1494 670 727 1389 401 165 1333 267 399 1023 777 254 302 652 1272 923 566 318 379 811 430 941 310 668
1249 1417 549 90 1222 1453 736 446 1019 219 1113 1338 754 675 682 1235 1256 905 329 1456 865 848 1074 1405 855 1028 1278 826 639 937 109 690 897 173 1415 718 1482 1329 348 635 200 342 1440 315 844