10 200
161 80
28 25 22 16 19 27 32 15 12 14
147 123 44 109 74 82 171 93 107 104 166 50 86 25 57 132 143 106 66 150 125 52 118 139 75 124 8 140
22 128 65 155 136 79 145 34 56 21 17 83 4 120 42 40 84 160 20 164 196 69 46 15 165
129 194 157 110 198 179 33 141 11 199 3 23 144 60 43 13 190 108 41 67 111 176
187 94 70 6 114 47 32 48 98 53 10 90 167 61 87 85
182 49 173 78 63 62 161 55 156 175 71 130 101 113 133 35 12 97 127
74 148 162 30 172 102 9 68 163 80 146 170 5 58 112 126 177 99 159 137 121 152 95 29 7 180 36
193 91 181 18 96 141 183 24 135 115 117 186 88 192 73 14 54 166 76 174 92 59 27 197 168 1 122 16 184 28 142 19
26 2 37 154 195 131 103 45 149 166 39 74 81 158 25
77 89 185 72 51 105 191 153 116 134 31 200
178 100 53 64 140 103 189 151 188 38 29 169 138 119