50 1500
1198 1025
35 30 30 36 36 23 34 32 28 26 29 33 32 27 32 36 35 28 34 33 30 25 37 39 25 30 27 27 34 27 33 34 29 32 35 40 38 29 33 40 30 26 32 32 26 34 41 31 33 34
702 26 1019 1001 775 623 721 110 1265 503 1004 951 941 1211 783 1076 390 1279 879 950 269 370 403 618 867 362 881 1335 1174 1208 75 69 1298 396 723
323 1135 780 262 83 1072 33 954 722 324 232 603 276 479 171 1459 235 264 1294 853 1485 47 578 410 427 108 419 872 757 790
797 363 727 1350 1395 258 936 1357 833 782 1046 1267 61 1090 49 245 1271 1429 938 56 348 103 1077 444 695 143 1167 1475 236 919
1402 184 789 517 869 1006 5 898 878 325 359 716 1046 539 1030 17 1187 821 300 1242 109 1322 155 930 295 827 1143 1275 792 747 785 1281 949 1164 418 371
268 1461 1384 1182 1104 294 1374 835 622 1277 971 1108 213 52 734 865 796 514 1163 612 291 183 1064 342 421 511 861 1106 820 633 841 120 1210 352 960 6
580 91 915 303 1145 493 485 411 1250 753 417 894 192 1455 589 384 1084 373 1304 1157 158 993 558
20 273 962 871 67 742 131 825 494 115 875 128 229 594 814 907 750 541 692 1276 1059 170 343 338 642 1206 991 980 1017 275 1162 464 935 523
1306 1431 39 966 1103 1119 312 1228 813 1083 1283 90 1192 830 1262 1414 448 1268 1272 1029 880 332 1295 1263 524 981 1117 270 1288 1378 1223 62
685 697 1065 472 265 389 856 516 452 218 671 1154 1499 497 1486 455 319 1300 283 1497 1409 1386 144 568 752 1285 24 983
899 1317 870 758 997 664 256 253 705 770 224 767 897 1126 112 1231 415 1411 68 570 34 1484 600 1002 945 533
127 251 239 423 149 948 650 1349 1379 1147 1033 1058 1158 947 1220 409 29 40 565 271 1347 121 19 471 53 520 986 566 100
669 1472 1176 354 268 1218 1086 1194 340 561 1198 155 385 145 243 151 1122 788 1464 119 1311 1329 1370 166 84 484 983 21 808 133 1068 676 933
718 903 140 955 1155 1188 1152 1136 781 88 969 283 181 124 1229 260 1245 440 1247 652 1092 208 1045 22 762 1037 1134 1156 1406 154 1398 822
1084 106 887 1448 1467 1189 643 550 375 682 165 394 191 98 719 429 778 388 584 1338 698 1415 810 465 911 972 220
1159 1205 800 1080 1292 1048 1270 383 1070 463 661 125 1239 815 574 1340 1193 586 502 96 900 546 1284 1327 168 435 1478 1144 715 786 1278 1343
836 1177 876 1416 925 1318 1448 358 4 924 913 626 914 395 616 1407 530 889 1473 1256 687 1055 135 237 776 761 1337 961 604 299 571 724 567 518 1069 1481
991 540 693 60 1133 885 1259 825 839 420 733 1237 361 507 686 331 1319 304 1040 690 272 36 355 181 828 1049 246 1241 1352 713 1388 987 709 1014 731
45 990 1238 1143 280 55 1354 187 665 859 764 118 681 1107 1412 755 768 708 921 458 1446 1367 392 1054 772 456 1042 442
1195 205 1249 714 1389 598 1442 905 447 1310 1186 459 1420 1201 837 1000 1232 1488 223 563 2 259 816 350 1219 1321 189 1099 1216 1457 281 1102 357 1293
896 703 1404 134 888 1123 1437 1035 374 27 878 920 1169 1118 1280 92 1166 231 1131 126 866 413 649 129 1116 531 634 233 923 640 346 495 401
635 1460 1430 116 23 250 624 242 1330 305 1477 391 590 284 660 369 238 1003 956 728 1307 1443 1393 1207 1345 431 78 740 835 450
500 1149 918 57 1112 1476 550 1028 777 320 657 1225 480 353 65 674 1373 136 1209 1299 1181 1397 699 959 1392
1470 378 538 620 487 1360 948 726 819 446 433 696 1315 1369 1498 632 1309 763 852 1381 202 996 1151 1269 1441 16 684 218 290 356 613 803 817 138 94 1051 1325
989 581 1474 314 1336 201 1240 679 95 599 1444 1179 360 317 1015 1121 1297 181 1259 1452 691 1012 555 1466 112 176 157 1380 1101 645 934 1469 1344 712 424 1062 1093 466 845
1094 1227 710 1111 71 759 700 1122 706 605 169 283 451 584 559 1312 99 1390 1320 1032 860 3 225 1453 1137
1081 1026 1254 203 942 858 512 1071 1097 854 43 377 1358 1052 188 160 1132 1487 953 461 1272 1410 929 114 387 729 73 840 1239 1368
647 592 720 336 610 847 1286 1386 625 1418 15 367 1417 137 366 1089 309 975 868 1171 937 7 593 210 572 577 150
573 152 1264 1185 948 408 504 177 200 1200 1353 909 787 387 553 1500 849 1435 1490 1382 522 486 552 216 1339 1191 977
1088 680 689 804 198 583 1061 675 254 111 438 1328 226 282 328 545 521 654 437 585 1196 436 1025 460 944 965 297 756 515 482 425 488 263 476
916 1359 1366 1332 967 179 178 615 58 666 629 567 292 910 646 1038 491 1011 1050 1316 812 798 824 169 823 1383 1141
207 51 30 130 407 1021 1261 159 416 10 1184 1428 1224 432 1057 38 1034 344 1075 1225 331 773 550 335 1153 248 365 526 318 1252 551 327 1405
1125 1113 544 1260 974 1291 1423 791 1426 1301 893 1203 831 1355 1449 1351 64 1060 1361 1223 1465 1413 749 917 197 1284 467 475 1138 32 1222 611 560 196
66 1173 1018 194 524 1115 1008 1010 1421 454 575 1079 771 994 289 169 228 222 1436 337 1273 1434 379 1235 655 556 339 558 745
677 298 204 576 609 784 1246 347 1257 1396 349 807 587 1408 1491 1020 168 9 1451 627 1140 844 1244 621 991 667 101 498 1348 1202 832 513
1027 1107 1496 509 943 214 77 393 890 976 142 1274 1365 1324 1305 1023 148 80 453 428 508 12 1371 673 725 102 630 794 85 434 884 1284 1334 100 973
957 439 1323 1362 979 1215 1199 672 873 678 707 1082 779 805 534 1429 1204 107 1391 872 738 1007 1471 1120 998 1095 249 1114 746 584 1212 877 1080 1303 405 1036 1258 473 528 478
1419 44 1255 826 14 1148 449 978 59 1454 659 153 368 242 641 426 653 1085 1161 636 1063 234 1432 462 1425 1129 279 301 732 145 287 230 42 547 132 765 1290 382
376 891 122 1031 982 211 1468 219 185 829 329 278 221 519 1474 532 781 525 1233 406 1217 701 652 1462 1226 976 1296 968 1027
558 113 927 963 1400 1424 536 1482 739 793 928 380 1445 1181 117 186 37 883 50 470 901 1109 321 760 1341 931 296 1286 496 683 315 1495 527
1087 173 1197 1213 1427 1333 1366 1364 769 976 1313 1091 1105 972 848 156 1214 54 656 608 939 217 1375 430 400 404 414 481 946 1139 13 628 1041 492 445 638 1253 313 475 288
908 711 1480 1013 274 35 774 607 988 666 41 241 904 1170 190 398 582 754 952 1129 93 1239 489 591 1127 588 601 316 475 1190
617 218 995 1483 1100 535 261 506 1096 1128 1146 895 162 672 468 257 843 412 180 1047 562 72 882 311 668 414
1024 63 510 1472 172 147 1 1399 864 293 748 811 1223 372 619 252 87 1084 1143 1289 1165 286 1440 483 543 381 1447 382 386 1098 399 688
926 174 1067 285 443 364 1282 1422 441 76 1142 1342 1376 1043 499 1429 326 414 524 1438 614 1314 402 104 579 161 922 730 1251 141 809 1450
801 557 333 182 1178 1385 1308 1401 1234 422 18 863 644 242 306 307 1110 529 322 648 1493 818 1016 46 167 469
834 970 932 1066 341 31 474 1058 1130 1168 345 838 1022 1346 851 554 1259 397 597 1248 741 802 999 247 8 902 267 195 1221 1039 1009 862 1053 164
906 227 199 1372 564 1225 735 886 992 11 912 537 1463 212 1356 382 596 334 240 1122 308 266 751 569 1363 437 737 330 694 1302 548 501 1056 958 637 892 490 795 1172 1439 743
1479 163 602 193 477 806 1476 290 1230 1489 97 1158 1331 744 631 1433 215 1044 1243 658 1175 1078 1180 1494 71 146 846 28 1046 105 704
1266 542 1387 940 1074 663 1394 70 799 79 1183 1458 1005 437 209 1403 985 244 1492 736 662 1150 302 1181 48 89 81 1160 835 1377 874 857 842
175 86 639 457 1073 670 74 651 984 310 1236 82 855 505 277 206 1456 717 766 606 139 549 1326 595 964 25 123 1476 1287 1124 255 351 825 850